world: c9c885b0-dd1a-4a11-b2d3-b04b29c8374f
world-name: world
x: 9.656179768947698
y: 64.0
z: -293.6957245754063
yaw: 268.6499938964844
pitch: 1.5000026226043701
name: Lobby
lastowner: 37fb3338-1ba7-3120-9edc-4173c0c2c1a2
